49 2 2 7 6 15 5 62
50 2 2 7 6 5 61 62
51 2 2 7 6 5 14 61
52 2 2 7 6 62 61 56
53 2 2 7 6 38 28 64
54 2 2 7 6 28 63 64
55 2 2 7 6 28 37 63
56 2 2 7 6 64 63 54
57 2 2 7 6 13 3 66
58 2 2 7 6 3 65 66
59 2 2 7 6 3 12 65
60 2 2 7 6 66 65 55
61 2 2 7 6 15 62 68
62 2 2 7 6 62 67 68
63 2 2 7 6 62 56 67
64 2 2 7 6 68 67 53
65 2 2 7 6 38 64 70
66 2 2 7 6 64 69 70
67 2 2 7 6 64 54 69
68 2 2 7 6 70 69 50
69 2 2 7 6 37 71 63
70 2 2 7 6 71 72 63
71 2 2 7 6 71 49 72
72 2 2 7 6 63 72 54
73 2 2 7 6 13 66 74
74 2 2 7 6 66 73 74
75 2 2 7 6 66 55 73
76 2 2 7 6 74 73 52
77 2 2 7 6 12 75 65
78 2 2 7 6 75 76 65
79 2 2 7 6 75 51 76
80 2 2 7 6 65 76 55
81 2 2 7 6 14 77 61
82 2 2 7 6 77 78 61
83 2 2 7 6 77 52 78
84 2 2 7 6 61 78 56
85 2 2 7 6 16 79 81
86 2 2 7 6 79 80 81
87 2 2 7 6 79 53 80
88 2 2 7 6 81 80 50
89 2 2 7 6 39 82 83
90 2 2 7 6 82 80 83
91 2 2 7 6 82 50 80
92 2 2 7 6 83 80 53
93 2 2 7 6 16 6 79
94 2 2 7 6 6 68 79
95 2 2 7 6 6 15 68
96 2 2 7 6 79 68 53
97 2 2 7 6 40 30 84
98 2 2 7 6 30 83 84
99 2 2 7 6 30 39 83
100 2 2 7 6 84 83 53
101 2 2 7 6 39 29 82
102 2 2 7 6 29 70 82
103 2 2 7 6 29 38 70
104 2 2 7 6 82 70 50
105 2 2 7 6 19 9 86
106 2 2 7 6 9 85 86
107 2 2 7 6 9 18 85
108 2 2 7 6 86 85 49
109 2 2 7 6 37 27 71
110 2 2 7 6 27 87 71
111 2 2 7 6 27 36 87
112 2 2 7 6 71 87 49
113 2 2 7 6 17 7 88
114 2 2 7 6 7 81 88
115 2 2 7 6 7 16 81
116 2 2 7 6 88 81 50
117 2 2 7 6 14 4 77
118 2 2 7 6 4 74 77
119 2 2 7 6 4 13 74
120 2 2 7 6 77 74 52
121 2 2 7 6 12 2 75
122 2 2 7 6 2 89 75
123 2 2 7 6 2 11 89
124 2 2 7 6 75 89 51
125 2 2 7 6 44 34 91
126 2 2 7 6 34 90 91
127 2 2 7 6 34 43 90
128 2 2 7 6 91 90 51
129 2 2 7 6 42 32 93
130 2 2 7 6 32 92 93
131 2 2 7 6 32 41 92
132 2 2 7 6 93 92 52
133 2 2 7 6 18 94 85
134 2 2 7 6 94 72 85
135 2 2 7 6 94 54 72
136 2 2 7 6 85 72 49
137 2 2 7 6 17 88 95
138 2 2 7 6 88 69 95
139 2 2 7 6 88 50 69
140 2 2 7 6 95 69 54
141 2 2 7 6 43 96 90
142 2 2 7 6 96 76 90
143 2 2 7 6 96 55 76
144 2 2 7 6 90 76 51
145 2 2 7 6 42 93 97
146 2 2 7 6 93 73 97
147 2 2 7 6 93 52 73
148 2 2 7 6 97 73 55
149 2 2 7 6 41 98 92
150 2 2 7 6 98 78 92
151 2 2 7 6 98 56 78
152 2 2 7 6 92 78 52
153 2 2 7 6 40 84 99
154 2 2 7 6 84 67 99
155 2 2 7 6 84 53 67
156 2 2 7 6 99 67 56
157 2 2 7 6 43 33 96
158 2 2 7 6 33 97 96
159 2 2 7 6 33 42 97
160 2 2 7 6 96 97 55
161 2 2 7 6 18 8 94
162 2 2 7 6 8 95 94
163 2 2 7 6 8 17 95
164 2 2 7 6 94 95 54
165 2 2 7 6 41 31 98
166 2 2 7 6 31 99 98
167 2 2 7 6 31 40 99
168 2 2 7 6 98 99 56
169 2 2 7 6 36 100 87
170 2 2 7 6 100 101 87
171 2 2 7 6 100 59 101
172 2 2 7 6 87 101 49
173 2 2 7 6 11 102 89
174 2 2 7 6 102 103 89
175 2 2 7 6 102 60 103
176 2 2 7 6 89 103 51
177 2 2 7 6 21 104 48
178 2 2 7 6 104 105 48
179 2 2 7 6 104 57 105
180 2 2 7 6 48 105 46
181 2 2 7 6 22 106 25
182 2 2 7 6 106 107 25
183 2 2 7 6 106 58 107
184 2 2 7 6 25 107 23
185 2 2 7 6 19 86 109
186 2 2 7 6 86 108 109
187 2 2 7 6 86 49 108
188 2 2 7 6 109 108 57
189 2 2 7 6 21 10 104
190 2 2 7 6 10 109 104
191 2 2 7 6 10 19 109
192 2 2 7 6 104 109 57
193 2 2 7 6 22 35 106
194 2 2 7 6 35 110 106
195 2 2 7 6 35 44 110
196 2 2 7 6 106 110 58
197 2 2 7 6 44 91 110
198 2 2 7 6 91 111 110
199 2 2 7 6 91 51 111
200 2 2 7 6 110 111 58
201 2 2 7 6 51 103 111
202 2 2 7 6 103 112 111
203 2 2 7 6 103 60 112
204 2 2 7 6 111 112 58
205 2 2 7 6 49 101 108
206 2 2 7 6 101 113 108
207 2 2 7 6 101 59 113
208 2 2 7 6 108 113 57
209 2 2 7 6 45 114 26
210 2 2 7 6 114 100 26
211 2 2 7 6 114 59 100
212 2 2 7 6 26 100 36
213 2 2 7 6 20 115 1
214 2 2 7 6 115 102 1
215 2 2 7 6 115 60 102
216 2 2 7 6 1 102 11
217 2 2 7 6 45 47 114
218 2 2 7 6 47 116 114
219 2 2 7 6 47 46 116
220 2 2 7 6 114 116 59
221 2 2 7 6 20 24 115
222 2 2 7 6 24 117 115
223 2 2 7 6 24 23 117
224 2 2 7 6 115 117 60
225 2 2 7 6 46 105 116
226 2 2 7 6 105 113 116
227 2 2 7 6 105 57 113
228 2 2 7 6 116 113 59
229 2 2 7 6 23 107 117
230 2 2 7 6 107 112 117
231 2 2 7 6 107 58 112
232 2 2 7 6 117 112 60