1 0 4.74999999999962 0
2 0 4.24999999999886 0
3 0 3.7499999999981 0
4 0 3.24999999999734 0
5 0 2.74999999999658 0
6 0 2.249999999995854 0
7 0 1.74999999999623 0
8 0 1.249999999997681 0
9 0 0.7499999999990019 0
10 0 0.2499999999997966 0
11 0 4.49999999999924 0
12 0 3.99999999999848 0
13 0 3.49999999999772 0
14 0 2.99999999999696 0
15 0 2.499999999996199 0
16 0 1.999999999995508 0
17 0 1.499999999996951 0
18 0 0.9999999999984105 0
19 0 0.4999999999995932 0
20 0 5 0
21 0 0 0
22 1 5 0
23 0.4999999999986923 5 0
24 0.2499999999993462 5 0
25 0.7499999999993462 5 0
26 1 0.25 0
27 1 0.75 0
28 1 1.25 0
29 1 1.75 0
30 1 2.25 0
31 1 2.75 0
32 1 3.25 0
33 1 3.75 0
34 1 4.25 0
35 1 4.75 0
36 1 0.5 0
37 1 1 0
38 1 1.5 0
39 1 2 0
40 1 2.5 0
41 1 3 0
42 1 3.5 0
43 1 4 0
44 1 4.5 0
45 1 0 0
46 0.500000000002061 0 0
47 0.7500000000010305 0 0
48 0.2500000000010305 0 0
49 0.5031887755100061 0.7149234693870574 0
50 0.4895833333332682 1.756944444442259 0
51 0.4968112244898286 4.285076530611966 0
52 0.5000000000005699 3.25 0
53 0.5104166666665355 2.254629629627615 0
54 0.498795351473879 1.245311318970779 0
55 0.4994685374150664 3.755846088434694 0
56 0.5017361111111842 2.750771604936795 0
57 0.3670313814821111 0.3552776691678244 0
58 0.6329686185176606 4.644722330831675 0
59 0.6740440313988357 0.3140402277109764 0
60 0.3259559686012363 4.685959772288577 0
61 0.2508680555555921 2.875385802466877 0
62 0.2508680555555921 2.625385802466497 0
63 0.7493976757369395 1.122655659485389 0
64 0.7493976757369395 1.372655659485389 0
65 0.2497342687075332 3.877923044216587 0
66 0.2497342687075332 3.627923044216207 0
67 0.5060763888888599 2.502700617282205 0
68 0.2552083333332678 2.377314814811907 0
69 0.4941893424035736 1.501127881706519 0
70 0.7447916666666341 1.628472222221129 0
71 0.7515943877550031 0.8574617346935287 0
72 0.5009920634919425 0.9801173941789182 0
73 0.4997342687078181 3.502923044217347 0
74 0.2500000000002849 3.37499999999886 0
75 0.2484056122449143 4.142538265305223 0
76 0.4981398809524475 4.02046130952333 0
77 0.2500000000002849 3.12499999999848 0
78 0.5008680555558771 3.000385802468398 0
79 0.2552083333332678 2.127314814811561 0
80 0.4999999999999019 2.005787037034937 0
81 0.2447916666666341 1.878472222218884 0
82 0.7447916666666341 1.878472222221129 0
83 0.7552083333332678 2.127314814813808 0
84 0.7552083333332678 2.377314814813808 0
85 0.251594387755003 0.857461734692734 0
86 0.251594387755003 0.6074617346933253 0
87 0.7515943877550031 0.6074617346935287 0
88 0.2447916666666341 1.628472222219605 0
89 0.2484056122449143 4.392538265305603 0
90 0.7484056122449143 4.142538265305983 0
91 0.7484056122449143 4.392538265305983 0
92 0.7500000000002849 3.125 0
93 0.7500000000002849 3.375 0
94 0.2493976757369395 1.122655659484595 0
95 0.2493976757369395 1.372655659483865 0
96 0.7497342687075332 3.877923044217347 0
97 0.7497342687075332 3.627923044217347 0
98 0.7508680555555921 2.875385802468398 0
99 0.7508680555555921 2.625385802468398 0
100 0.8370220156994179 0.4070201138554882 0
101 0.5886164034544209 0.5144818485490169 0
102 0.1629779843006182 4.592979886143908 0
103 0.4113835965455325 4.485518151450272 0
104 0.1835156907410556 0.1776388345839122 0
105 0.4335156907420861 0.1776388345839122 0
106 0.8164843092588303 4.822361165415837 0
107 0.5664843092581765 4.822361165415837 0
108 0.4351100784960586 0.5351005692774409 0
109 0.1835156907410556 0.4276388345837088 0
110 0.8164843092588303 4.572361165415837 0
111 0.5648899215037446 4.46489943072182 0
112 0.4794622935594485 4.665341051560126 0
113 0.5205377064404735 0.3346589484394004 0
114 0.8370220156994179 0.1570201138554882 0
115 0.1629779843006182 4.842979886144288 0
116 0.5870220157004484 0.1570201138554882 0
117 0.4129779842999644 4.842979886144288 0