1 1 2 3 1 21 10
2 1 2 3 1 10 19
3 1 2 3 1 19 9
4 1 2 3 1 9 18
5 1 2 3 1 18 8
6 1 2 3 1 8 17
7 1 2 3 1 17 7
8 1 2 3 1 7 16
9 1 2 3 1 16 6
10 1 2 3 1 6 15
11 1 2 3 1 15 5
12 1 2 3 1 5 14
13 1 2 3 1 14 4
14 1 2 3 1 4 13
15 1 2 3 1 13 3
16 1 2 3 1 3 12
17 1 2 3 1 12 2
18 1 2 3 1 2 11
19 1 2 3 1 11 1
20 1 2 3 1 1 20
25 1 2 4 3 22 35
26 1 2 4 3 35 44
27 1 2 4 3 44 34
28 1 2 4 3 34 43
29 1 2 4 3 43 33
30 1 2 4 3 33 42
31 1 2 4 3 42 32
32 1 2 4 3 32 41
33 1 2 4 3 41 31
34 1 2 4 3 31 40
35 1 2 4 3 40 30
36 1 2 4 3 30 39
37 1 2 4 3 39 29
38 1 2 4 3 29 38
39 1 2 4 3 38 28
40 1 2 4 3 28 37
41 1 2 4 3 37 27
42 1 2 4 3 27 36
43 1 2 4 3 36 26
44 1 2 4 3 26 45